# Common Types

di	01;38;2;254;215;101	# Directory
fi	00;38;2;189;195;199	# File

# Shell

*.sh	00;38;2;220;59;59	

# Common

*.txt	00;38;2;189;195;199

# Packages

*.deb	00;38;2;215;7;81
*.rpm	00;38;2;254;1;0
*.msi	00;38;2;165;168;167
*.exe	00;38;2;165;168;167

# Compressed Files (Color OK)

*.rar		00;38;2;179;148;82
*.zip		00;38;2;179;148;82
*.7z		00;38;2;179;148;82
*.tar		00;38;2;179;148;82
*.tgz		00;38;2;179;148;82
*.tar.gz	00;38;2;179;148;82

# Video Files (Color OK)

*.mov	00;38;2;141;51;141
*.mpg	00;38;2;141;51;141
*.mkv	00;38;2;141;51;141
*.webm	00;38;2;141;51;141
*.avi	00;38;2;141;51;141
*.flv	00;38;2;141;51;141
*.mp4	00;38;2;141;51;141
*.rmv	00;38;2;141;51;141
*.wmv	00;38;2;141;51;141

# Image Files (Color OK)

*.jpg	00;38;2;39;175;234
*.jpeg	00;38;2;39;175;234
*.gif	00;38;2;39;175;234
*.bmp	00;38;2;39;175;234
*.tga	00;38;2;39;175;234
*.tif	00;38;2;39;175;234 
*.tiff	00;38;2;39;175;234
*.png	00;38;2;39;175;234
*.svg	00;38;2;39;175;234
*.webp	00;38;2;39;175;234

# Audio Files (Color OK)

*.aac	00;38;2;254;107;68 
*.flac	00;38;2;254;107;68
*.m4a	00;38;2;254;107;68
*.midi	00;38;2;254;107;68
*.mp3	00;38;2;254;107;68
*.ogg	00;38;2;254;107;68
*.wav	00;38;2;254;107;68
*.opus	00;38;2;254;107;68
*.mod	00;38;2;254;107;68

